Compound Id	AutocorrelationPolarizability [ATSp2]
1	8.30887875000
2	32.24186000000
3	69.47457337500
4	75.1184500000001
5	115.5041226406251
6	124.8376668125001
7	128.6171808125001
8	141.6825675000001
9	166.8705446132814
10	178.3583007656251
11	182.0109899531251
12	188.2950063281251
13	184.8278769843752
14	205.8649205625001
15	198.4434105000001
16	214.4136010625002
17	221.3408727822267
18	234.0293024257814
19	239.8084698242189
20	247.6530569335939
21	250.3740457929689
22	242.1986192617189
23	267.7661239687502
24	266.4029738281251
25	256.0626245625002
26	263.9603247343752
27	278.2920330781251
28	255.8471396562502
29	289.7163356406252
30	273.2436697343752
31	282.1897551562502
32	295.9104333125001
33	300.6795998125002
34	277.5724495861819
35	297.8788821826174
36	300.0007380986331
37	328.1617397890627
38	344.8159931445316
39	359.2603999687502
40	373.0412192187503
41	385.0547253281254
42	375.4295899062502
43	377.4717900468753
44	355.1427353750003
45	334.7871886299441
46	348.4821849914553
47	381.1313925517581
48	508.1481102187502
49	392.5442502932284
50	406.4274019783328
51	414.3844869025272
52	418.3310225947878
53	419.5114735457156
54	416.53408485907
55	472.8028727187503
56	513.1089488525395
57	518.7165799238285
58	450.5977121506999