Compound Id	VAdjMa
1	2.0
2	2.585
3	3.0
4	3.0
5	3.322
6	3.322
7	3.322
8	3.322
9	3.585
10	3.585
11	3.585
12	3.585
13	3.585
14	3.585
15	3.585
16	3.585
17	3.807
18	3.807
19	3.807
20	3.807
21	3.807
22	3.807
23	3.807
24	3.807
25	3.807
26	3.807
27	3.807
28	3.807
29	3.807
30	3.807
31	3.807
32	3.807
33	3.807
34	4.0
35	4.0
36	4.0
37	4.0
38	4.0
39	4.0
40	4.0
41	4.0
42	4.0
43	4.0
44	4.0
45	4.170
46	4.170
47	4.170
48	4.170
49	4.322
50	4.322
51	4.322
52	4.322
53	4.322
54	4.322
55	4.322
56	4.322
57	4.322
58	4.459