Compound Id	AutocorrelationCharge [ATSc4]
1	0
2	0
3	-0.001
4	0
5	-0.001
6	-0.001
7	-0.001
8	0
9	-0.001
10	0
11	-0.001
12	-0.001
13	-0.001
14	0
15	-0.001
16	-0.002
17	-0.001
18	0
19	-0.001
20	-0.001
21	-0.001
22	-0.001
23	0
24	-0.001
25	0
26	-0.002
27	-0.001
28	-0.001
29	-0.002
30	-0.001
31	-0.001
32	-0.001
33	-0.001
34	-0.001
35	-0.001
36	-0.001
37	0
38	-0.001
39	-0.001
40	-0.001
41	-0.001
42	-0.002
43	-0.001
44	-0.002
45	-0.001
46	0
47	-0.001
48	-0.002
49	-0.001
50	0
51	-0.001
52	-0.001
53	-0.001
54	-0.001
55	-0.001
56	-0.002
57	-0.001
58	-0.001