Compound Id	ChiPath [SP-2]
1	0
2	0.707
3	1.0
4	1.732
5	1.354
6	1.802
7	1.802
8	3.0
9	1.707
10	2.183
11	1.922
12	1.922
13	2.183
14	2.914
15	2.488
16	2.914
17	2.061
18	2.536
19	2.302
20	2.302
21	2.302
22	2.536
23	3.311
24	2.630
25	3.023
26	2.630
27	2.871
28	2.091
29	2.871
30	2.630
31	3.311
32	3.521
33	3.521
34	2.414
35	2.656
36	2.683
37	3.664
38	3.268
39	2.871
40	3.675
41	3.497
42	3.675
43	3.497
44	3.347
45	2.768
46	3.243
47	2.825
48	4.487
49	3.121
50	3.597
51	3.363
52	3.390
53	3.390
54	3.597
55	4.364
56	3.630
57	4.659
58	3.475