Compound Id	AutocorrelationMass [ATSm1]
1	2.774469035540946
2	3.774469035540946
3	4.774469035540946
4	4.774469035540946
5	5.774469035540946
6	5.774469035540946
7	5.774469035540946
8	5.774469035540946
9	6.774469035540946
10	6.774469035540946
11	6.774469035540946
12	6.774469035540946
13	6.774469035540946
14	6.774469035540946
15	6.774469035540946
16	6.774469035540946
17	7.774469035540946
18	7.774469035540946
19	7.774469035540946
20	7.774469035540946
21	7.774469035540946
22	7.774469035540946
23	7.774469035540946
24	7.774469035540946
25	7.774469035540946
26	7.774469035540946
27	7.774469035540946
28	7.774469035540946
29	7.774469035540946
30	7.774469035540946
31	7.774469035540946
32	7.774469035540946
33	7.774469035540946
34	8.774469035540946
35	8.774469035540946
36	8.774469035540946
37	8.774469035540946
38	8.774469035540946
39	8.774469035540946
40	8.774469035540946
41	8.774469035540946
42	8.774469035540946
43	8.774469035540946
44	8.774469035540946
45	9.774469035540946
46	9.774469035540946
47	9.774469035540946
48	9.774469035540946
49	10.774469035540946
50	10.774469035540946
51	10.774469035540946
52	10.774469035540946
53	10.774469035540946
54	10.774469035540946
55	10.774469035540946
56	10.774469035540946
57	10.774469035540946
58	11.774469035540946