Compound Id	BCUT [BCUTp-1h]
1	3.11158088417472
2	4.351780764345299
3	5.362254857609961
4	5.611286875288899
5	5.991011473097236
6	6.236436768076453
7	6.62849600050671
8	6.863064332185251
9	6.50213489623679
10	6.61977068355834
11	6.860315575327366
12	7.255635026895575
13	7.138265701628056
14	7.490423933072719
15	7.248504889130354
16	7.883272296971628
17	6.816523602858855
18	6.934141737975239
19	7.174351867824544
20	7.569409286341664
21	7.765829864767412
22	7.393299124981727
23	7.804269976027266
24	7.883274076017348
25	7.452001371773612
26	7.562892564427652
27	8.11819132145294
28	7.877253655400976
29	8.511210210463695
30	7.883281268359912
31	8.393720311186105
32	8.112506989568473
33	8.50600297309669
34	7.072083046015441
35	7.331395692343357
36	7.488426159094741
37	7.961224554177014
38	8.432176539389644
39	8.745010764107908
40	8.511223224532566
41	9.139340944183827
42	8.820378829382344
43	8.746211512999302
44	8.112511249223349
45	7.229298343597952
46	7.288096603558079
47	8.348817930775038
48	9.449141987890158
49	7.357073554611708
50	7.386512232261119
51	7.484351675109932
52	7.72401232801921
53	7.802538573976158
54	7.616553143897781
55	8.1125167986186
56	8.741281312766741
57	9.08610153311503
58	7.43572430148682