Compound Id	WeightedPath [WTPT-4]
1	2.0
2	2.207
3	2.311
4	2.244
5	2.362
6	2.313
7	2.329
8	2.25
9	2.388
10	2.348
11	2.382
12	2.364
13	2.372
14	2.302
15	2.325
16	2.332
17	2.401
18	2.365
19	2.417
20	2.381
21	2.389
22	2.393
23	2.328
24	2.348
25	2.354
26	2.394
27	2.354
28	2.398
29	2.358
30	2.370
31	2.373
32	2.311
33	2.327
34	2.408
35	2.434
36	2.451
37	2.341
38	2.379
39	2.405
40	2.328
41	2.345
42	2.396
43	2.363
44	2.407
45	2.411
46	2.378
47	2.424
48	2.364
49	2.413
50	2.380
51	2.447
52	2.477
53	2.486
54	2.412
55	2.463
56	2.453
57	2.399
58	2.413