Compound Id	ChiPath [SP-3]
1	0
2	0
3	0.5
4	0
5	0.707
6	0.816
7	0.816
8	0
9	0.957
10	0.866
11	1.394
12	1.394
13	0.866
14	1.061
15	1.333
16	1.061
17	1.207
18	1.135
19	1.478
20	1.478
21	1.478
22	1.135
23	1.0
24	1.782
25	0.943
26	1.782
27	1.914
28	1.732
29	1.914
30	1.782
31	1.0
32	1.732
33	1.732
34	1.457
35	1.747
36	1.563
37	1.280
38	1.884
39	2.561
40	2.091
41	2.474
42	2.091
43	2.474
44	2.103
45	1.707
46	1.635
47	2.121
48	2.914
49	1.957
50	1.885
51	2.247
52	2.082
53	2.101
54	1.885
55	1.748
56	3.083
57	1.742
58	2.207