Compound Id	ChiCluster [SC-3]
1	0
2	0
3	0
4	0.577
5	0
6	0.408
7	0.408
8	2.0
9	0
10	0.408
11	0.289
12	0.289
13	0.408
14	1.561
15	0.667
16	1.561
17	0
18	0.408
19	0.289
20	0.289
21	0.289
22	0.408
23	1.561
24	0.569
25	0.816
26	0.569
27	1.207
28	0.204
29	1.207
30	0.569
31	1.561
32	1.655
33	1.655
34	0
35	0.289
36	0.289
37	1.561
38	1.207
39	0.927
40	1.570
41	1.339
42	1.570
43	1.339
44	0.859
45	0
46	0.408
47	0.204
48	2.207
49	0
50	0.408
51	0.289
52	0.289
53	0.289
54	0.408
55	1.105
56	0.664
57	1.849
58	0