Compound Id	AutocorrelationMass [ATSm3]
1	0
2	1.332
3	2.332
4	3.664
5	3.332
6	4.664
7	4.332
8	6.996
9	4.332
10	5.664
11	5.664
12	5.332
13	5.332
14	7.996
15	6.664
16	7.332
17	5.332
18	6.664
19	6.664
20	6.332
21	6.332
22	6.332
23	8.996
24	7.664
25	7.664
26	7.664
27	8.996
28	6.332
29	8.332
30	7.332
31	8.332
32	9.996
33	9.664
34	6.332
35	7.664
36	7.664
37	9.996
38	9.996
39	9.996
40	10.996
41	10.664
42	10.664
43	10.996
44	9.664
45	7.332
46	8.664
47	8.332
48	13.996
49	8.332
50	9.664
51	9.664
52	9.664
53	9.664
54	9.332
55	11.664
56	11.664
57	12.332
58	9.332