Compound Id	ChiPath [VP-2]
1	0
2	0.316
3	0.724
4	1.094
5	1.077
6	1.257
7	1.576
8	2.171
9	1.431
10	1.638
11	1.470
12	1.696
13	1.906
14	2.166
15	1.985
16	2.719
17	1.784
18	1.991
19	1.851
20	2.076
21	2.026
22	2.260
23	2.562
24	2.126
25	2.479
26	2.220
27	2.204
28	1.865
29	2.676
30	2.404
31	3.034
32	2.808
33	3.042
34	2.138
35	2.204
36	2.231
37	2.916
38	2.6
39	2.285
40	2.963
41	3.018
42	3.290
43	2.865
44	2.979
45	2.491
46	2.698
47	2.599
48	3.877
49	2.845
50	3.052
51	2.911
52	2.938
53	2.938
54	3.320
55	3.913
56	3.262
57	4.382
58	3.198