Compound Id	ChiCluster [VC-3]
1	0
2	0
3	0
4	0.258
5	0
6	0.183
7	0.408
8	1.171
9	0
10	0.183
11	0.129
12	0.289
13	0.408
14	0.893
15	0.482
16	1.561
17	0
18	0.183
19	0.129
20	0.289
21	0.289
22	0.408
23	0.893
24	0.385
25	0.591
26	0.439
27	0.678
28	0.204
29	1.207
30	0.569
31	1.561
32	1.059
33	1.495
34	0
35	0.129
36	0.129
37	0.893
38	0.678
39	0.512
40	0.975
41	1.180
42	1.457
43	0.871
44	0.753
45	0
46	0.183
47	0.204
48	1.776
49	0
50	0.183
51	0.129
52	0.129
53	0.129
54	0.408
55	0.946
56	0.557
57	1.849
58	0