Compound Id	AutocorrelationCharge [ATSc3]
1	0
2	-0.009
3	-0.007
4	-0.015
5	-0.007
6	-0.014
7	-0.006
8	-0.019
9	-0.007
10	-0.014
11	-0.013
12	-0.006
13	-0.007
14	-0.019
15	-0.013
16	-0.005
17	-0.007
18	-0.014
19	-0.013
20	-0.006
21	-0.007
22	-0.007
23	-0.019
24	-0.013
25	-0.014
26	-0.012
27	-0.018
28	-0.006
29	-0.005
30	-0.006
31	-0.007
32	-0.018
33	-0.012
34	-0.007
35	-0.013
36	-0.013
37	-0.019
38	-0.018
39	-0.017
40	-0.018
41	-0.012
42	-0.011
43	-0.017
44	-0.011
45	-0.007
46	-0.014
47	-0.006
48	-0.016
49	-0.007
50	-0.014
51	-0.013
52	-0.013
53	-0.013
54	-0.007
55	-0.013
56	-0.011
57	-0.007
58	-0.007