Compound Id	BCUT [BCUTc-1h]
1	0.05887355835894521
2	0.06694086401318723
3	0.06940086021262024
4	0.12340647398687402
5	0.06964773917916663
6	0.12525798096914154
7	0.06953171571161816
8	0.12977710762655958
9	0.0696688734576886
10	0.12544249047288103
11	0.07976600449205382
12	0.07115992042912098
13	0.05684296009910215
14	0.13164213123524804
15	0.07975906799899413
16	0.07581668837161107
17	0.06968161920961208
18	0.1254600892075849
19	0.08001221314513314
20	0.07132580494786274
21	0.058366820982188504
22	0.055740689021462474
23	0.1318283948388878
24	0.07284239075252333
25	0.05725987262339349
26	0.08220890220654214
27	0.1335156113298524
28	0.05260857935876234
29	0.07746910219657469
30	0.07279625524780932
31	0.06288277604357888
32	0.07292737786457021
33	0.08219473870820389
34	0.0696944424909326
35	0.08003268363496265
36	0.08025856475400162
37	0.13184576755557403
38	0.1337027736263416
39	0.08997249117856888
40	0.07456152138568348
41	0.07916553033923639
42	0.08464443167912156
43	0.1353923405706456
44	0.07160437058989318
45	0.06970748180308864
46	0.12548296642206705
47	0.05266684694651167
48	0.1372718661609922
49	0.06972074350609363
50	0.12549455164906514
51	0.0800568308462216
52	0.08029140587474334
53	0.08030001030661035
54	0.05576861720691781
55	0.05777634441487346
56	0.07326323742654986
57	0.05884979245769512
58	0.06973423326315306