Compound Id	WeightedPath [WTPT-2]
1	1.5
2	1.638
3	1.718
4	1.683
5	1.770
6	1.739
7	1.739
8	1.7
9	1.807
10	1.780
11	1.779
12	1.779
13	1.780
14	1.744
15	1.754
16	1.744
17	1.833
18	1.810
19	1.809
20	1.809
21	1.809
22	1.810
23	1.778
24	1.786
25	1.787
26	1.786
27	1.778
28	1.810
29	1.778
30	1.786
31	1.778
32	1.756
33	1.756
34	1.854
35	1.833
36	1.832
37	1.805
38	1.804
39	1.804
40	1.784
41	1.784
42	1.784
43	1.784
44	1.792
45	1.870
46	1.852
47	1.852
48	1.782
49	1.883
50	1.866
51	1.866
52	1.865
53	1.865
54	1.866
55	1.832
56	1.831
57	1.826
58	1.894