Compound Id	ALOGP [ALogp2]
1	0.12816400
2	0.01157776
3	0.46977316
4	0.16654561
5	0.94750756
6	0.48455521
7	0.01542564
8	0.32867289
9	1.59112996
10	0.96845281
11	0.96845281
12	0.30470400
13	0.02683044
14	0.01058841
15	0.01288225
16	1.22655625
17	2.40064036
18	1.61823841
19	1.61823841
20	0.08785296
21	0.70560000
22	0.00842724
23	0.02331729
24	0.31663129
25	0.13623481
26	0.03045025
27	0.60699681
28	1.50847524
29	0.59660176
30	0.06635776
31	1.85804161
32	0.49942489
33	1.20297024
34	3.37603876
35	2.43391201
36	2.43391201
37	0.01830609
38	0.27405225
39	2.11789809
40	0.00093025
41	0.58018689
42	0.65415744
43	0.00093025
44	0.40335201
45	4.51732516
46	3.41547361
47	1.58911236
48	1.02779044
49	5.82449956
50	4.56292321
51	4.56292321
52	4.56292321
53	4.56292321
54	0.59629284
55	1.31400369
56	0.51451929
57	1.62333081
58	7.29756196