Compound Id	APol
1	5.2291720
2	8.322758
3	11.4163440
4	11.416344
5	14.50993
6	14.50993
7	14.50993
8	14.50993
9	17.603516
10	17.603516
11	17.603516
12	17.603516
13	17.603516
14	17.603516
15	17.603516
16	17.603516
17	20.6971020
18	20.6971020
19	20.6971020
20	20.6971020
21	20.6971020
22	20.6971020
23	20.6971020
24	20.6971020
25	20.6971020
26	20.6971020
27	20.6971020
28	20.6971020
29	20.6971020
30	20.6971020
31	20.6971020
32	20.6971020
33	20.6971020
34	23.7906880
35	23.7906880
36	23.7906880
37	23.7906880
38	23.7906880
39	23.7906880
40	23.7906880
41	23.7906880
42	23.7906880
43	23.7906880
44	23.7906880
45	26.8842740
46	26.8842740
47	26.8842740
48	26.8842740
49	29.97786
50	29.97786
51	29.97786
52	29.97786
53	29.97786
54	29.97786
55	29.97786
56	29.97786
57	29.97786
58	33.0714460