Compound Id	AutocorrelationCharge [ATSc1]
1	0.09509114706355397
2	0.08363604683714493
3	0.08340099719436406
4	0.07585924995131982
5	0.08340037193347408
6	0.07565264262507812
7	0.0831938593496772
8	0.07069924374526279
9	0.08340037163276204
10	0.0756520520060666
11	0.07544606880486351
12	0.08319326682911479
13	0.08339977941441827
14	0.07051742561434965
15	0.07547157946253275
16	0.08301130895626138
17	0.08340037163273703
18	0.07565205171264007
19	0.07544547819304903
20	0.08319326653526457
21	0.0833997791204911
22	0.08340037133885472
23	0.07051686745572605
24	0.07547102033748038
25	0.07565149290311109
26	0.07526503792589673
27	0.07033563898309088
28	0.0831926743153571
29	0.0830107474433083
30	0.08319270589448377
31	0.0833992179316711
32	0.07035900215406629
33	0.07531293276821413
34	0.08340037163273703
35	0.07544547789962273
36	0.07544488758123473
37	0.07051686716935718
38	0.07033508083144084
39	0.07015388385086957
40	0.07035847430006004
41	0.07531240344997366
42	0.07510642233794788
43	0.07017724585316348
44	0.07508403813756657
45	0.08340037163273703
46	0.0756520517126153
47	0.08319267402148231
48	0.07003930204621074
49	0.08340037163273703
50	0.0756520517126153
51	0.07544547789959796
52	0.07544488728778366
53	0.07544488699438216
54	0.08340037163273703
55	0.0754437693895069
56	0.07508291991559636
57	0.08339977912041735
58	0.08340037163273703