Compound Id	BCUT [BCUTc-1l]
1	-0.425376469352967
2	-0.42212521092152083
3	-0.42173498273032717
4	-0.3930390410151454
5	-0.42171413309312816
6	-0.39277220152391834
7	-0.3954546885632372
8	-0.3900987691158966
9	-0.4217149817779293
10	-0.3927652947859529
11	-0.4181226235889224
12	-0.39544775316796765
13	-0.39570833462363564
14	-0.3898314957505472
15	-0.41812211509636205
16	-0.39518590435024037
17	-0.4217164401812482
18	-0.39276801822388974
19	-0.4181021225908943
20	-0.3954504561018724
21	-0.39571104279184444
22	-0.39572071217085236
23	-0.3898245642271099
24	-0.39249690996948383
25	-0.3927579158326824
26	-0.41773627276132175
27	-0.38956398351682836
28	-0.3954406655252586
29	-0.39517890570349457
30	-0.3954406888087141
31	-0.39570123884098873
32	-0.38956271456114605
33	-0.4177352858464749
34	-0.42171789897481876
35	-0.41810299894132835
36	-0.41808162514206704
37	-0.38982729584002257
38	-0.3895570278313774
39	-0.41453829510929574
40	-0.38955572877653233
41	-0.39222760449268146
42	-0.4173502809392678
43	-0.3892952448067149
44	-0.3919679926615126
45	-0.421719350035312
46	-0.39277370948886314
47	-0.39544616878786276
48	-0.38902530289119286
49	-0.42172079337877455
50	-0.39277653086522396
51	-0.41810594554221053
52	-0.4180839603562866
53	-0.4180833559001855
54	-0.3957293055814961
55	-0.3924767274287002
56	-0.3919539492630719
57	-0.39571937213784425
58	-0.4217222290666315