Compound Id	ALOGP [ALogP]
1	-0.3580
2	-0.1076
3	-0.6854
4	-0.4081
5	-0.9734
6	-0.6961
7	0.1242
8	0.5733
9	-1.2614
10	-0.9841
11	-0.9841
12	-0.5520
13	-0.1638
14	-0.1029
15	0.1135
16	1.1075
17	-1.5494
18	-1.2721
19	-1.2721
20	-0.2964
21	-0.8400
22	0.0918
23	0.1527
24	-0.5627
25	0.3691
26	-0.1745
27	-0.7791
28	-1.2282
29	0.7724
30	0.2576
31	1.3631
32	0.7067
33	1.0968
34	-1.8374
35	-1.5601
36	-1.5601
37	-0.1353
38	-0.5235
39	-1.4553
40	0.0305
41	0.7617
42	0.8088
43	0.0305
44	0.6351
45	-2.1254
46	-1.8481
47	-1.2606
48	1.0138
49	-2.4134
50	-2.1361
51	-2.1361
52	-2.1361
53	-2.1361
54	-0.7722
55	1.1463
56	-0.7173
57	1.2741
58	-2.7014