Compound Id	AutocorrelationPolarizability [ATSp1]
1	16.767526500000006
2	46.735210625000015
3	87.98809553125004
4	91.77025975000004
5	136.43912050781256
6	142.65716653125008
7	145.79148809375008
8	154.24463325000008
9	189.19947028320325
10	196.8456138515626
11	199.26300647656262
12	204.45742135156263
13	202.13280864843767
14	215.7538783125001
15	211.08289737500013
16	222.51734768750012
17	244.45273107080095
18	252.9024409316408
19	256.73406421679704
20	263.20546544335957
21	265.37380199804704
22	259.5362070214846
23	276.1244903593752
24	275.88157953906267
25	268.7214667187502
26	273.85241286718764
27	283.3773831015627
28	269.0523885156252
29	292.38650563281266
30	281.35433417968767
31	287.44111932812524
32	295.7902638437502
33	299.4194116562502
34	301.1173519786379
35	314.63681410693374
36	316.04873361962916
37	335.68781198046895
38	347.2035609394533
39	357.2633950781252
40	367.16643729687524
41	375.81664507031275
42	368.7973450781252
43	369.9727707421877
44	355.05023718750016
45	358.5690503305971
46	367.70219948010276
47	391.7162228383793
48	477.91200060937535
49	416.45472236585255
50	425.71775303408845
51	431.02172055868556
52	433.66469116458154
53	434.45814618692043
54	433.8823879002383
55	472.72421017187526
56	500.8941122309573
57	506.36168104785196
58	474.5775327906821