Compound Id	Weight
1	32.026214748
2	46.041864812
3	60.057514876
4	60.057514876
5	74.07316494
6	74.07316494
7	74.07316494
8	74.07316494
9	88.088815004
10	88.088815004
11	88.088815004
12	88.088815004
13	88.088815004
14	88.088815004
15	88.088815004
16	88.088815004
17	102.104465068
18	102.104465068
19	102.104465068
20	102.104465068
21	102.104465068
22	102.104465068
23	102.104465068
24	102.104465068
25	102.104465068
26	102.104465068
27	102.104465068
28	102.104465068
29	102.104465068
30	102.104465068
31	102.104465068
32	102.104465068
33	102.104465068
34	116.120115132
35	116.120115132
36	116.120115132
37	116.120115132
38	116.120115132
39	116.120115132
40	116.120115132
41	116.120115132
42	116.120115132
43	116.120115132
44	116.120115132
45	130.135765196
46	130.135765196
47	130.135765196
48	130.135765196
49	144.15141526
50	144.15141526
51	144.15141526
52	144.15141526
53	144.15141526
54	144.15141526
55	144.15141526
56	144.15141526
57	144.15141526
58	158.167065324