Compound Id	AutocorrelationPolarizability [ATSp5]
1	0
2	0
3	0
4	0
5	18.491
6	0
7	0
8	0
9	50.943
10	48.424
11	25.882
12	21.315
13	43.484
14	0
15	0
16	0
17	93.698
18	95.531
19	89.987
20	87.759
21	81.264
22	92.204
23	86.712
24	54.810
25	112.514
26	59.959
27	29.180
28	74.149
29	24.336
30	49.626
31	75.573
32	0
33	0
34	142.963
35	146.086
36	164.649
37	150.278
38	134.452
39	92.707
40	97.156
41	61.593
42	102.822
43	67.048
44	137.986
45	196.145
46	201.945
47	226.125
48	114.198
49	251.612
50	258.206
51	260.879
52	286.987
53	291.632
54	260.484
55	364.610
56	338.787
57	382.460
58	308.383