Compound Id	ChiPath [VP-1]
1	0.447213595499958
2	1.023334547203386
3	1.523334547203386
4	1.412899428126413
5	2.023334547203386
6	1.950904230587197
7	1.879176594859953
8	1.723606797749979
9	2.523334547203386
10	2.450904230587197
11	2.488909033047982
12	2.417181397320737
13	2.379176594859953
14	2.2842669695298
15	2.323583030649372
16	2.169781156610112
17	3.023334547203386
18	2.950904230587197
19	2.988909033047982
20	2.917181397320737
21	2.917181397320737
22	2.879176594859953
23	2.7842669695298
24	2.861587833110157
25	2.806746278243764
26	2.861587833110157
27	2.844927141309622
28	2.955186199781522
29	2.730441328389933
30	2.789860197382912
31	2.669781156610112
32	2.666982470724043
33	2.6242242935316
34	3.523334547203386
35	3.488909033047982
36	3.488909033047982
37	3.2842669695298
38	3.344927141309622
39	3.405587313089443
40	3.204987273184828
41	3.184884465311421
42	3.162229095992384
43	3.227642642503865
44	3.234266633172331
45	4.023334547203385
46	3.950904230587197
47	3.955186199781522
48	3.5342669695298
49	4.523334547203386
50	4.450904230587198
51	4.488909033047983
52	4.488909033047983
53	4.488909033047983
54	4.379176594859953
55	4.200593128361117
56	4.3102762380939
57	4.063628006727464
58	5.023334547203386