Compound Id	ChiPath [SP-1]
1	1.0
2	1.414
3	1.914
4	1.732
5	2.414
6	2.270
7	2.270
8	2.0
9	2.914
10	2.770
11	2.808
12	2.808
13	2.770
14	2.561
15	2.643
16	2.561
17	3.414
18	3.270
19	3.308
20	3.308
21	3.308
22	3.270
23	3.061
24	3.181
25	3.126
26	3.181
27	3.121
28	3.346
29	3.121
30	3.181
31	3.061
32	2.943
33	2.943
34	3.914
35	3.808
36	3.808
37	3.561
38	3.621
39	3.682
40	3.481
41	3.504
42	3.481
43	3.504
44	3.553
45	4.414
46	4.270
47	4.346
48	3.811
49	4.914
50	4.770
51	4.808
52	4.808
53	4.808
54	4.770
55	4.520
56	4.629
57	4.455
58	5.414