Compound Id	XLogP
1	-0.499
2	-0.076
3	0.282
4	0.384
5	0.851
6	0.742
7	0.579
8	0.801
9	1.42
10	1.311
11	1.1
12	1.148
13	1.359
14	1.159
15	1.039
16	0.974
17	1.989
18	1.88
19	1.669
20	1.717
21	1.928
22	1.928
23	1.728
24	1.608
25	1.819
26	1.397
27	1.517
28	1.717
29	1.543
30	1.656
31	1.965
32	1.456
33	1.434
34	2.558
35	2.238
36	2.238
37	2.297
38	2.086
39	1.875
40	2.025
41	2.003
42	1.792
43	1.814
44	1.694
45	3.127
46	3.018
47	2.855
48	2.209
49	3.696
50	3.587
51	3.376
52	3.376
53	3.376
54	3.635
55	3.254
56	2.832
57	3.611
58	4.265