Compound Id	ChiPath [SP-0]
1	2.0
2	2.707
3	3.414
4	3.577
5	4.121
6	4.284
7	4.284
8	4.5
9	4.828
10	4.992
11	4.992
12	4.992
13	4.992
14	5.207
15	5.155
16	5.207
17	5.536
18	5.699
19	5.699
20	5.699
21	5.699
22	5.699
23	5.914
24	5.862
25	5.862
26	5.862
27	5.914
28	5.699
29	5.914
30	5.862
31	5.914
32	6.077
33	6.077
34	6.243
35	6.406
36	6.406
37	6.621
38	6.621
39	6.621
40	6.784
41	6.784
42	6.784
43	6.784
44	6.732
45	6.950
46	7.113
47	7.113
48	7.707
49	7.657
50	7.820
51	7.820
52	7.820
53	7.820
54	7.820
55	8.146
56	8.146
57	8.199
58	8.364