Compound Id	MDE [MDEC-12]
1	0
2	1.0
3	1.414
4	0
5	1.651
6	1.414
7	1.0
8	0
9	1.807
10	2.149
11	2.309
12	2.149
13	1.633
14	1.890
15	0
16	1.5
17	1.919
18	2.621
19	2.804
20	2.804
21	2.621
22	2.080
23	2.942
24	1.651
25	1.5
26	1.442
27	3.302
28	2.884
29	3.147
30	1.145
31	2.449
32	0
33	0
34	2.004
35	3.135
36	3.181
37	3.640
38	4.112
39	4.327
40	1.942
41	2.149
42	1.755
43	1.942
44	0
45	2.071
46	3.209
47	3.605
48	2.252
49	2.125
50	3.408
51	3.565
52	3.632
53	3.651
54	2.898
55	2.828
56	3.181
57	3.879
58	2.170