Compound Id	ChiPath [VP-3]
1	0
2	0
3	0.224
4	0
5	0.512
6	0.591
7	0.365
8	0
9	0.762
10	0.706
11	0.942
12	1.009
13	0.706
14	0.865
15	0.965
16	0.474
17	1.012
18	0.975
19	1.093
20	1.093
21	1.319
22	0.940
23	0.862
24	1.467
25	0.813
26	1.188
27	1.523
28	1.413
29	1.385
30	1.426
31	0.862
32	1.413
33	1.253
34	1.262
35	1.362
36	1.244
37	1.142
38	1.550
39	1.974
40	1.818
41	2.042
42	1.386
43	1.960
44	1.366
45	1.512
46	1.475
47	1.801
48	2.304
49	1.762
50	1.725
51	1.862
52	1.763
53	1.782
54	1.690
55	1.487
56	2.454
57	1.583
58	2.012