Compound Id	BCUT [BCUTw-1l]
1	11.9970
2	11.9967
3	11.9965
4	11.89
5	11.9965
6	11.89
7	11.89
8	11.89
9	11.9964
10	11.89
11	11.9964
12	11.89
13	11.89
14	11.89
15	11.9964
16	11.89
17	11.9964
18	11.89
19	11.9964
20	11.89
21	11.89
22	11.89
23	11.89
24	11.89
25	11.89
26	11.9964
27	11.89
28	11.89
29	11.89
30	11.89
31	11.89
32	11.89
33	11.9964
34	11.9963
35	11.9963
36	11.9963
37	11.89
38	11.89
39	11.9963
40	11.89
41	11.89
42	11.9963
43	11.89
44	11.89
45	11.9963
46	11.89
47	11.89
48	11.89
49	11.9963
50	11.89
51	11.9963
52	11.9963
53	11.9963
54	11.89
55	11.89
56	11.89
57	11.89
58	11.9962