Compound Id	BPol
1	4.372828
2	6.559242
3	8.7456560
4	8.745656
5	10.93207
6	10.93207
7	10.93207
8	10.93207
9	13.1184840
10	13.1184840
11	13.1184840
12	13.1184840
13	13.1184840
14	13.1184840
15	13.1184840
16	13.1184840
17	15.3048980
18	15.3048980
19	15.3048980
20	15.3048980
21	15.3048980
22	15.3048980
23	15.3048980
24	15.3048980
25	15.3048980
26	15.3048980
27	15.3048980
28	15.3048980
29	15.3048980
30	15.3048980
31	15.3048980
32	15.3048980
33	15.3048980
34	17.4913120
35	17.4913120
36	17.4913120
37	17.4913120
38	17.4913120
39	17.4913120
40	17.4913120
41	17.4913120
42	17.4913120
43	17.4913120
44	17.4913120
45	19.6777260
46	19.6777260
47	19.6777260
48	19.6777260
49	21.86414
50	21.86414
51	21.86414
52	21.86414
53	21.86414
54	21.86414
55	21.86414
56	21.86414
57	21.86414
58	24.0505540