Compound Id	FragmentComplexity
1	23.01
2	58.01
3	109.01
4	109.01
5	176.01
6	176.01
7	176.01
8	176.01
9	259.01
10	259.01
11	259.01
12	259.01
13	259.01
14	259.01
15	259.01
16	259.01
17	358.01
18	358.01
19	358.01
20	358.01
21	358.01
22	358.01
23	358.01
24	358.01
25	358.01
26	358.01
27	358.01
28	358.01
29	358.01
30	358.01
31	358.01
32	358.01
33	358.01
34	473.01
35	473.01
36	473.01
37	473.01
38	473.01
39	473.01
40	473.01
41	473.01
42	473.01
43	473.01
44	473.01
45	604.01
46	604.01
47	604.01
48	604.01
49	751.01
50	751.01
51	751.01
52	751.01
53	751.01
54	751.01
55	751.01
56	751.01
57	751.01
58	914.01