Compound Id	KappaShapeIndices [Kier2]
1	0
2	2.0
3	3.0
4	1.333
5	4.0
6	2.25
7	2.25
8	1.0
9	5.0
10	3.2
11	3.2
12	3.2
13	3.2
14	1.633
15	2.222
16	1.633
17	6.0
18	4.167
19	4.167
20	4.167
21	4.167
22	4.167
23	2.344
24	3.061
25	3.061
26	3.061
27	2.344
28	4.167
29	2.344
30	3.061
31	2.344
32	1.852
33	1.852
34	7.0
35	5.143
36	5.143
37	3.111
38	3.111
39	3.111
40	2.52
41	2.52
42	2.52
43	2.52
44	3.111
45	8.0
46	6.125
47	6.125
48	2.320
49	9.0
50	7.111
51	7.111
52	7.111
53	7.111
54	7.111
55	4.760
56	4.760
57	4.0
58	10.0