Compound Id	BCUT [BCUTw-1h]
1	15.9979411777861
2	15.997941441668596
3	15.997941705683129
4	15.994915385387742
5	15.997941969829798
6	15.99491563608926
7	15.994915636089255
8	15.994915636089246
9	15.997942234108704
10	15.99491588691635
11	15.997942234108702
12	15.994915886916372
13	15.994915886916363
14	15.994915886916358
15	15.997942234108706
16	15.994915886916363
17	15.997942498519947
18	15.99491613786915
19	15.997942498519949
20	15.994916137869172
21	15.994916137869176
22	15.994916137869179
23	15.994916137869186
24	15.994916137869172
25	15.994916137869179
26	15.997942498519949
27	15.994916137869179
28	15.994916137869186
29	15.994916137869172
30	15.994916137869176
31	15.994916137869176
32	15.994916137869176
33	15.997942498519947
34	15.997942763063627
35	15.997942763063627
36	15.997942763063627
37	15.994916388947786
38	15.994916388947775
39	15.997942763063627
40	15.994916388947779
41	15.994916388947779
42	15.997942763063627
43	15.994916388947775
44	15.994916388947786
45	15.997943027739842
46	15.994916640152281
47	15.99491664015226
48	15.994916640152283
49	15.997943292548689
50	15.994916891482752
51	15.99794329254869
52	15.99794329254869
53	15.99794329254869
54	15.994916891482756
55	15.994916891482756
56	15.994916891482763
57	15.994916891482754
58	15.997943557490272