Compound Id	AutocorrelationMass [ATSm4]
1	0
2	0
3	1.332
4	0
5	2.332
6	2.332
7	2.664
8	0
9	3.332
10	3.332
11	4.664
12	4.664
13	3.332
14	3.332
15	4.664
16	3.996
17	4.332
18	4.332
19	5.664
20	5.664
21	5.332
22	4.332
23	4.332
24	6.664
25	4.332
26	6.996
27	6.664
28	6.664
29	6.996
30	6.664
31	4.332
32	6.664
33	6.996
34	5.332
35	6.664
36	6.664
37	5.332
38	7.664
39	9.996
40	8.664
41	9.996
42	9.328
43	9.996
44	9.328
45	6.332
46	6.332
47	8.664
48	13.328
49	7.332
50	7.332
51	8.664
52	8.664
53	8.664
54	7.332
55	8.664
56	13.328
57	8.332
58	8.332