Compound Id	ALOGP [AMR]
1	8.2613
2	12.5551
3	16.08710
4	17.75990
5	18.99870
6	20.6715
7	21.54460
8	22.0651
9	21.9103
10	23.5831
11	23.5831
12	24.62240
13	24.45620
14	25.14290
15	26.129
16	26.40360
17	24.8219
18	26.4947
19	26.4947
20	29.07420
21	27.534
22	28.908
23	29.59470
24	29.20680
25	30.58080
26	29.04060
27	28.22070
28	27.70020
29	31.252
30	30.07990
31	30.8554
32	30.6004
33	30.988
34	27.7335
35	29.4063
36	29.4063
37	32.5063
38	32.6725
39	31.29850
40	33.67820
41	35.8364
42	33.8996
43	33.67820
44	34.4981
45	30.6451
46	32.3179
47	35.0636
48	38.53720
49	33.5567
50	35.2295
51	35.2295
52	35.2295
53	35.2295
54	37.6428
55	43.4017
56	40.6537
57	42.6051
58	36.4683