Compound Id	AutocorrelationPolarizability [ATSp4]
1	0
2	0
3	16.795
4	0
5	48.031
6	45.927
7	41.464
8	0
9	90.057
10	92.476
11	110.775
12	109.059
13	89.763
14	85.222
15	110.557
16	75.192
17	138.920
18	144.025
19	167.992
20	168.747
21	171.374
22	144.045
23	149.161
24	199.865
25	151.598
26	196.997
27	195.930
28	197.552
29	190.349
30	198.885
31	143.178
32	201.956
33	196.265
34	191.887
35	225.742
36	231.034
37	211.172
38	272.833
39	333.905
40	315.644
41	340.323
42	306.963
43	341.413
44	307.477
45	247.242
46	254.717
47	334.723
48	525.227
49	303.955
50	311.893
51	341.917
52	351.983
53	355.045
54	315.786
55	391.795
56	548.660
57	419.079
58	361.430