Compound Id	AutocorrelationCharge [ATSc2]
1	-0.047545573531776984
2	-0.03323801088619255
3	-0.03362739013980649
4	-0.023123828529108867
5	-0.03363074062737005
6	-0.023428421737577886
7	-0.034004720777086744
8	-0.01604439194084972
9	-0.033630744605222904
10	-0.02343143650556898
11	-0.023732524787702658
12	-0.03400779416745666
13	-0.0336340157393982
14	-0.016281278974100116
15	-0.023725280800837203
16	-0.0343684200515849
17	-0.03363074460601573
18	-0.0234314403067775
19	-0.02373553927756248
20	-0.034007797979120895
21	-0.03363401957413563
22	-0.03363074854169117
23	-0.016283992771199577
24	-0.0237280347674451
25	-0.023434383572440324
26	-0.024028917368567097
27	-0.01651770754247822
28	-0.03401086731084062
29	-0.034371239034563864
30	-0.03401079895254992
31	-0.03363721565902109
32	-0.016513840933009612
33	-0.024012733131699108
34	-0.03363074460601575
35	-0.02373554307874603
36	-0.02373855376739699
37	-0.01628399640471863
38	-0.0165204210719088
39	-0.01675367764978758
40	-0.01651630914310021
41	-0.024015248142869795
42	-0.024315926003697606
43	-0.0167498335910436
44	-0.02432486614727852
45	-0.03363074460601575
46	-0.023431440307555607
47	-0.0340108711232604
48	-0.016975927142550903
49	-0.03363074460601575
50	-0.023431440307555607
51	-0.023735543079524135
52	-0.023738557569358623
53	-0.023738561369764082
54	-0.033630744606015735
55	-0.02374444735557068
56	-0.02433037299901696
57	-0.03363401957646475
58	-0.03363074460601575