Compound Id	TPSA
1	20.23
2	20.23
3	20.23
4	20.23
5	20.23
6	20.23
7	20.23
8	20.23
9	20.23
10	20.23
11	20.23
12	20.23
13	20.23
14	20.23
15	20.23
16	20.23
17	20.23
18	20.23
19	20.23
20	20.23
21	20.23
22	20.23
23	20.23
24	20.23
25	20.23
26	20.23
27	20.23
28	20.23
29	20.23
30	20.23
31	20.23
32	20.23
33	20.23
34	20.23
35	20.23
36	20.23
37	20.23
38	20.23
39	20.23
40	20.23
41	20.23
42	20.23
43	20.23
44	20.23
45	20.23
46	20.23
47	20.23
48	20.23
49	20.23
50	20.23
51	20.23
52	20.23
53	20.23
54	20.23
55	20.23
56	20.23
57	20.23
58	20.23