Compound Id	WeightedPath [WTPT-1]
1	3.0
2	4.914
3	6.871
4	6.732
5	8.850
6	8.697
7	8.697
8	8.5
9	10.839
10	10.679
11	10.676
12	10.676
13	10.679
14	10.466
15	10.524
16	10.466
17	12.834
18	12.670
19	12.665
20	12.665
21	12.665
22	12.670
23	12.449
24	12.505
25	12.509
26	12.505
27	12.443
28	12.669
29	12.443
30	12.505
31	12.449
32	12.293
33	12.293
34	14.831
35	14.660
36	14.658
37	14.440
38	14.431
39	14.430
40	14.275
41	14.272
42	14.275
43	14.272
44	14.335
45	16.830
46	16.664
47	16.664
48	16.041
49	18.829
50	18.663
51	18.656
52	18.653
53	18.652
54	18.663
55	18.322
56	18.311
57	18.261
58	20.829