Compound Id	AutocorrelationPolarizability [ATSp3]
1	0
2	13.645
3	42.446
4	59.829
5	82.955
6	108.046
7	112.388
8	159.967
9	130.954
10	160.536
11	167.286
12	174.831
13	169.155
14	234.627
15	203.764
16	246.812
17	183.448
18	215.513
19	226.239
20	235.910
21	240.312
22	226.918
23	302.489
24	280.067
25	261.706
26	276.986
27	322.288
28	249.139
29	338.540
30	289.487
31	325.352
32	363.546
33	371.513
34	238.548
35	284.896
36	288.862
37	366.110
38	397.502
39	423.541
40	457.197
41	479.175
42	462.267
43	467.264
44	403.724
45	295.126
46	329.247
47	380.832
48	695.863
49	352.529
50	387.028
51	401.821
52	409.197
53	411.405
54	401.659
55	520.869
56	592.701
57	620.708
58	410.388