Compound Id	AutocorrelationMass [ATSm2]
1	1.332091977132565
2	2.332091977132565
3	3.332091977132565
4	3.332091977132565
5	4.332091977132565
6	4.332091977132565
7	4.332091977132565
8	4.332091977132565
9	5.332091977132565
10	5.332091977132565
11	5.332091977132565
12	5.332091977132565
13	5.332091977132565
14	5.332091977132565
15	5.332091977132565
16	5.332091977132565
17	6.332091977132565
18	6.332091977132565
19	6.332091977132565
20	6.332091977132565
21	6.332091977132565
22	6.332091977132565
23	6.332091977132565
24	6.332091977132565
25	6.332091977132565
26	6.332091977132565
27	6.332091977132565
28	6.332091977132565
29	6.332091977132565
30	6.332091977132565
31	6.332091977132565
32	6.332091977132565
33	6.332091977132565
34	7.332091977132565
35	7.332091977132565
36	7.332091977132565
37	7.332091977132565
38	7.332091977132565
39	7.332091977132565
40	7.332091977132565
41	7.332091977132565
42	7.332091977132565
43	7.332091977132565
44	7.332091977132565
45	8.332091977132565
46	8.332091977132565
47	8.332091977132565
48	8.332091977132565
49	9.332091977132563
50	9.332091977132563
51	9.332091977132563
52	9.332091977132563
53	9.332091977132563
54	9.332091977132565
55	9.332091977132565
56	9.332091977132563
57	9.332091977132565
58	10.332091977132563