Compound Id	Boiling point
1	64.7
2	78.3
3	97.2
4	82.3
5	117.0
6	99.6
7	107.9
8	82.4
9	137.8
10	119.0
11	115.3
12	128.7
13	131.2
14	102.0
15	111.5
16	113.1
17	157.0
18	139.9
19	135.4
20	148.0
21	152.4
22	151.8
23	121.4
24	134.2
25	131.7
26	126.6
27	122.4
28	146.5
29	136.8
30	149.0
31	143.0
32	118.6
33	120.0
34	176.3
35	156.8
36	155.0
37	142.5
38	142.4
39	142.5
40	139.7
41	133.0
42	136.0
43	139.0
44	138.8
45	195.2
46	179.8
47	184.6
48	152.2
49	213.1
50	198.5
51	194.7
52	193.0
53	195.1
54	206.0
55	178.0
56	187.0
57	193.0
58	230.2