Compound Id	VABC
1	34.64267002722779
2	51.93865465309452
3	69.23463927896123
4	69.23463927896123
5	86.53062390482788
6	86.53062390482788
7	86.53062390482788
8	86.53062390482788
9	103.82660853069451
10	103.82660853069451
11	103.82660853069451
12	103.82660853069451
13	103.82660853069451
14	103.82660853069451
15	103.82660853069451
16	103.82660853069451
17	121.12259315656118
18	121.12259315656115
19	121.12259315656118
20	121.12259315656115
21	121.12259315656118
22	121.12259315656118
23	121.12259315656115
24	121.12259315656115
25	121.12259315656115
26	121.12259315656118
27	121.12259315656115
28	121.12259315656115
29	121.12259315656115
30	121.12259315656118
31	121.12259315656118
32	121.12259315656115
33	121.12259315656118
34	138.4185777824279
35	138.4185777824279
36	138.4185777824279
37	138.41857778242783
38	138.4185777824279
39	138.4185777824279
40	138.41857778242783
41	138.41857778242783
42	138.4185777824279
43	138.4185777824279
44	138.4185777824279
45	155.71456240829454
46	155.71456240829454
47	155.71456240829454
48	155.71456240829454
49	173.01054703416122
50	173.01054703416122
51	173.01054703416122
52	173.01054703416122
53	173.01054703416122
54	173.01054703416122
55	173.01054703416122
56	173.01054703416122
57	173.01054703416122
58	190.30653166002787