Compound Id	ChiPath [VP-0]
1	1.447213595499958
2	2.154320376686505
3	2.861427157873053
4	3.024563864689584
5	3.5685339390596
6	3.731670645876131
7	3.731670645876131
8	3.947213595499958
9	4.275640720246148
10	4.438777427062679
11	4.438777427062679
12	4.438777427062679
13	4.438777427062679
14	4.654320376686505
15	4.60191413387921
16	4.654320376686505
17	4.982747501432696
18	5.145884208249226
19	5.145884208249226
20	5.145884208249226
21	5.145884208249226
22	5.145884208249226
23	5.361427157873052
24	5.309020915065757
25	5.309020915065757
26	5.309020915065757
27	5.361427157873053
28	5.145884208249226
29	5.361427157873052
30	5.309020915065757
31	5.361427157873052
32	5.524563864689584
33	5.524563864689585
34	5.689854282619244
35	5.852990989435774
36	5.852990989435774
37	6.0685339390596
38	6.0685339390596
39	6.0685339390596
40	6.231670645876131
41	6.231670645876131
42	6.231670645876132
43	6.231670645876132
44	6.179264403068836
45	6.396961063805792
46	6.560097770622322
47	6.560097770622322
48	7.154320376686506
49	7.10406784499234
50	7.26720455180887
51	7.26720455180887
52	7.26720455180887
53	7.26720455180887
54	7.267204551808868
55	7.593477965441931
56	7.593477965441931
57	7.645884208249226
58	7.811174626178888