Compound Id	BCUT [BCUTp-1l]
1	2.666419115825281
2	3.312473145641824
3	3.6295881582053475
4	3.9529969889527976
5	3.7877194582288025
6	4.267371258953722
7	3.9529975324823394
8	4.581745840952052
9	3.866715036416415
10	4.424558201914754
11	4.576435062834072
12	4.110184640092514
13	3.9529974567795874
14	4.8961187279679566
15	4.5764363105701324
16	4.267372385708626
17	3.9061981587017227
18	4.503151501789382
19	4.7339631086874014
20	4.188777998848524
21	4.0315908871988615
22	3.9529972592492366
23	5.053301045513767
24	4.738932546892638
25	4.58174577556392
26	4.891451658488942
27	5.210486963625489
28	4.267371651593105
29	4.424559385733793
30	4.2673720537346025
31	4.1101849361915015
32	5.210493842501881
33	4.891453790461632
34	3.9259362683569505
35	4.812710709998801
36	4.89144817618862
37	5.131861381381513
38	5.264389047838265
39	5.521046043621827
40	5.367675129377562
41	5.053307212975803
42	5.2063285215451485
43	5.524839702724408
44	5.210493022298714
45	3.9358044075524417
46	4.562096067713363
47	4.385261293818054
48	5.716174174011451
49	3.9407381650642357
50	4.571919946299679
51	4.8717645729638495
52	5.00953488524699
53	5.048889728133286
54	3.952996504209885
55	5.210491684150868
56	5.524744330105182
57	4.149481154226659
58	3.943204878987376